1
Entity
-101,0,-105,1000,1000,1000,0,0.375,0.4,10,
PlayerEntity
-72,4,0,1,3,1,
EmitterEntity
-100,0,-100,400,150,0,
Entity
-2,6,-9,5,5,5,0,0.55,0,11,
Entity
-16,6,6,5,5,5,0.7,0,0,11,
Entity
-11,6,-9,5,5,5,0,0.1,0.8,11,
Entity
3,6,-11,5,5,5,0,0,0.95,11,
Entity
3,7,-6,2.4,4.15,5,1,0,0,7,
GameEntity
8,15,0,7.80001,1.05,5,0,
GameEntity
-51,0,0,47.9496,0.899999,4.9,0,
GameEntity
-96,0,0,42.0496,0.849999,5,0,
PortcullisEntity
-115,10,0,1,10.6,1,13,
GameEntity
-102,12,0,11.6,0.799999,5,0,
GameEntity
-91,7,0,2.1,0.599999,5,0,
GameEntity
-116,3,0,0.499999,5,5,0,
GameEntity
-116,23,0,0.699999,13.05,5,0,
ButtonEntity
-95,1,0,4,2,1,0,
GameEntity
-128,0,0,22.1499,0.699999,5,0,
SwordsmanEntity
-106,4,0,1,3,1,0,
